              precision    recall  f1-score   support

           0       1.00      0.95      0.97        60
           1       0.95      0.93      0.94        60
           2       0.88      0.97      0.92        60
           3       0.87      0.92      0.89        60
           4       0.98      0.93      0.96        60
           5       0.83      0.95      0.88        60
           6       0.85      0.88      0.87        60
           7       0.96      0.87      0.91        60
           8       0.95      0.92      0.93        60
           9       0.98      0.90      0.94        60

    accuracy                           0.92       600
   macro avg       0.93      0.92      0.92       600
weighted avg       0.93      0.92      0.92       600
